$ANSIBLE_VAULT;1.1;AES256
61326239383164323564326536356235616135663231373362303363313234386437336332373065
6636323265303630646666306132333139383335396561390a343732306366663235613765393736
31336333653834323062633730353033353038356138383639653037393539643634663232313336
3933316634373239370a316635353066653761303665396339636566343661373534633934383737
63313635313266393338366233393761383164353038656566323936633637303233336534363033
30306362613238323339303364313633333136613530376636646262363736306161353438666631
32326136346531323561336361653039616438613563336338353530346131386430633539383462
64336365386638356631373630666537396135316238306334323363356661353638373536353037
66643861333237336335313532373161623334666665343161336163313066616565663630356335
64393439343836396165333164313263393831363737656163616266626235363033663162633737
31633139393035316330356161616339306535303266613430663933306133383633373230633564
30343065303262386565363763343339653430326334363233373136373832373031393834613264
61643536316535643231383161326162656330356635616464313665653336353839326463303661
39616163346135313630373563653431336662613138653430653833623366323839306338316261
35313461326361366134313638366233363236316637323131653930313764383231333862636161
38386561333130343230373465633333656665366339316335313133653730666662373830356132
36373032313733353836633765363761336564333564666535323933303036373966373636336131
35326434376561363039623431666663363339313363313730313937333062386465363864383266
36323561376363353934626563613631383863393138313433323834316466613864616465363433
39623030653662333731623932336165353938383235393364643936346465623938393862383066
36336263646330663838393161323338346265303032663538636231313435633061383535363630
64326435623837643832616138633330313762316635613837333931303732656234623566633434
33623738316536383335363162303831633830336331323832353132326265623034653734666466
65303532623638376365376333643338306463393436313037363537633334626662313965663639
33363233323334653363663430633037316430653737656536386361646466636263623933363761
33663439643239663136616664316263363132373039663836386566386438336333336230363130
36396434396331326433633036373534386139396635303434373136633230323136656564303833
64613430303133633538633263393635386339623961306437626264653865643031306539333265
36336633333037303834366337633866393632393063313732616434376166633533376161643362
33626134323966393531323036333738613863623634333461626565363765353261373463373431
32623233383632383061623730653839643334326235336334303634353933616130386433643130
30396634376262306332646630306133393439346562653961383363633639343766336631313262
61633862333639363330666534666139313266646262323731323434663538363736303739623438
33323439653039663731636631303833313166626336653236653539613265343531666435353139
66643237653737623266336565313961643933653732643262626537353066306334343663383561
33616666313435656236383738366632333130326161306136316332363837666539636166663761
39626432343965626562316464373030356539633465613161636662353739343338383536346430
30613330393563333139326237626632646439643765343364656466323364633265336333393438
62363262353062373366393665633163343331613062373439356661366137633461626334376263
32376637393364396361356335646132373633646264343430396164653961393161356239656439
61656237383535616134666236333063626262393733636363323537333330616139333665386331
34313265393366313839666362333534383835353966383765366135376131343336646265656630
36626332363231636630316534343066353136363866643663313363366538336639373637366333
65376465336630313339373239333132313139376665336236626633393364653231353238306638
39396636623738353137626166346332373032613238323131663436623938656663373837623538
38393961346631316330386637666365373134386130326638663838386330363865313235373265
37386363366533646264663733333332363938633337623836333963646434623330333763353139
63343561643731326639383735653635356566656361306434636133313539643061356430626265
32316334326261363034306530613132383033346432306133653162343462386463313163646365
66616235613461336566386162663239623538313538666664346663383937326434626137336531
32343264346136393732383031376437666563383439653631656166303835313130636334363039
34666138316430616239316538636666616636323966353638376566393162663830356332643732
33343463373234376665396538393236333963643766363865326535663665613265623833323831
66626166353966616565313964643362323037363138386530613363663634316236323761386661
38316131633635323733363461353131353537383966616339343938313834393236653330613233
39656166613332646564343230653435666236316331393136663935336462363864356461666566
66316137313130346561353631626131396362336433363237316336623930633734363332333137
33623134633461333064356134346333306137663937346332393465626532643530303833363939
38613236316137646233623864363162393832383437373730626261303735323465343863383264
30616665396664376366303531656265346166653838376131656564663939376662353533313663
35306237313364613337646632303431633832623630393532383961396334333564666666663432
63366633363938383335633964326364653737336233633730336331653034656337393432313138
39373066653461663237303636626636376237613432353365663931373463633063623939633066
61313934306664353339383463333835666233343037343735353162633831383632623830336631
31633531323133386666666166353462353132653262313935323834323564346261373430386236
33303531623032643133313632333866386431373436366636356563393163353462383831666163
66326335646532633665626138656666623238393265353731666162336461353532353666366566
66316630636533323437383866333932663534643561623064313034633033333263316535383531
62663937326437663237353031336434343032653837643731363233646364376238333066653439
32666537343831663661323665633531383563303331666665343331393532366535313437623866
61306532376637626339616336656133323335613966303063313432366130326435393931636366
35663338643536323962333332343962663130623438646466396661336533316165646530323837
61363865323733363762306131626237383930333737666438396564323739613132343434373666
65303331393161356330353065323863343433613230383439343765316632616434613766313065
35656138663337613237663430616633626231363230613539363731306536316638343731656536
33306538343838366636313563333264306564326662663330323765363134656663396432336562
66663563373530366664373564616437663136333039666365666136356636613735623362373333
35323735313764623766306363363966356238383838383633653337623162356363393065326338
31346230383637653735396139393264366439623031393533363462313434383965623434313930
30343133383561353033333366363865643532386564303035373165646237636265646564623130
33306330373131303363386162303965376161613262656138313365363238316563313066663863
64633439303930663665306661643364313136346638663633663332616135396565336431616230
66356262346439366434306663333565666464313066666134646230616465623635396332366639
61356633666161323038636563633439666465613063636563336337643732393731656163393366
66393530303335646265373637666466386238333232663761343865626161343635633438393635
62323738346364663463333135623661373133366531666638663066393961333462366166633730
65613839653561326463366135356332633137666138343366363766383264636635663364343133
37663532393735633361656562303032646135363366623234633138666262383531313661316363
39393963643634633439656535313439393436383130613036656235393361373966
